50
328 0.000000000000000e+00 0.000000000000000e+00 0.000000000000000e+00 0.000000000000000e+00 2.928866467536677e-03 0.000000000000000e+00 
744 0.000000000000000e+00 0.000000000000000e+00 0.000000000000000e+00 0.000000000000000e+00 2.928866467536677e-03 0.000000000000000e+00 
329 0.000000000000000e+00 0.000000000000000e+00 0.000000000000000e+00 0.000000000000000e+00 2.930380727061799e-03 0.000000000000000e+00 
745 0.000000000000000e+00 0.000000000000000e+00 0.000000000000000e+00 0.000000000000000e+00 2.930380727061799e-03 0.000000000000000e+00 
330 0.000000000000000e+00 0.000000000000000e+00 0.000000000000000e+00 0.000000000000000e+00 2.984960874033326e-03 0.000000000000000e+00 
746 0.000000000000000e+00 0.000000000000000e+00 0.000000000000000e+00 0.000000000000000e+00 2.984960874033326e-03 0.000000000000000e+00 
331 0.000000000000000e+00 0.000000000000000e+00 0.000000000000000e+00 0.000000000000000e+00 3.078692002547232e-03 0.000000000000000e+00 
747 0.000000000000000e+00 0.000000000000000e+00 0.000000000000000e+00 0.000000000000000e+00 3.078692002547232e-03 0.000000000000000e+00 
332 0.000000000000000e+00 0.000000000000000e+00 0.000000000000000e+00 0.000000000000000e+00 2.827586969202206e-03 0.000000000000000e+00 
748 0.000000000000000e+00 0.000000000000000e+00 0.000000000000000e+00 0.000000000000000e+00 2.827586969202206e-03 0.000000000000000e+00 
333 0.000000000000000e+00 0.000000000000000e+00 0.000000000000000e+00 0.000000000000000e+00 2.676252009688415e-03 0.000000000000000e+00 
749 0.000000000000000e+00 0.000000000000000e+00 0.000000000000000e+00 0.000000000000000e+00 2.676252009688415e-03 0.000000000000000e+00 
334 0.000000000000000e+00 0.000000000000000e+00 0.000000000000000e+00 0.000000000000000e+00 2.838366567501281e-03 0.000000000000000e+00 
750 0.000000000000000e+00 0.000000000000000e+00 0.000000000000000e+00 0.000000000000000e+00 2.838366567501281e-03 0.000000000000000e+00 
335 0.000000000000000e+00 0.000000000000000e+00 0.000000000000000e+00 0.000000000000000e+00 2.570757390365164e-03 0.000000000000000e+00 
751 0.000000000000000e+00 0.000000000000000e+00 0.000000000000000e+00 0.000000000000000e+00 2.570757390365164e-03 0.000000000000000e+00 
336 0.000000000000000e+00 0.000000000000000e+00 0.000000000000000e+00 0.000000000000000e+00 2.519576906232718e-03 0.000000000000000e+00 
752 0.000000000000000e+00 0.000000000000000e+00 0.000000000000000e+00 0.000000000000000e+00 2.519576906232718e-03 0.000000000000000e+00 
337 0.000000000000000e+00 0.000000000000000e+00 0.000000000000000e+00 0.000000000000000e+00 2.577716247349037e-03 0.000000000000000e+00 
753 0.000000000000000e+00 0.000000000000000e+00 0.000000000000000e+00 0.000000000000000e+00 2.577716247349037e-03 0.000000000000000e+00 
338 0.000000000000000e+00 0.000000000000000e+00 0.000000000000000e+00 0.000000000000000e+00 2.643600364470922e-03 0.000000000000000e+00 
754 0.000000000000000e+00 0.000000000000000e+00 0.000000000000000e+00 0.000000000000000e+00 2.643600364470922e-03 0.000000000000000e+00 
339 0.000000000000000e+00 0.000000000000000e+00 0.000000000000000e+00 0.000000000000000e+00 2.430737397062848e-03 0.000000000000000e+00 
755 0.000000000000000e+00 0.000000000000000e+00 0.000000000000000e+00 0.000000000000000e+00 2.430737397062848e-03 0.000000000000000e+00 
340 0.000000000000000e+00 0.000000000000000e+00 0.000000000000000e+00 0.000000000000000e+00 2.149446304887663e-03 0.000000000000000e+00 
756 0.000000000000000e+00 0.000000000000000e+00 0.000000000000000e+00 0.000000000000000e+00 2.149446304887663e-03 0.000000000000000e+00 
341 0.000000000000000e+00 0.000000000000000e+00 0.000000000000000e+00 0.000000000000000e+00 2.193255407393721e-03 0.000000000000000e+00 
757 0.000000000000000e+00 0.000000000000000e+00 0.000000000000000e+00 0.000000000000000e+00 2.193255407393721e-03 0.000000000000000e+00 
342 0.000000000000000e+00 0.000000000000000e+00 0.000000000000000e+00 0.000000000000000e+00 2.372127587723832e-03 0.000000000000000e+00 
758 0.000000000000000e+00 0.000000000000000e+00 0.000000000000000e+00 0.000000000000000e+00 2.372127587723832e-03 0.000000000000000e+00 
343 0.000000000000000e+00 0.000000000000000e+00 0.000000000000000e+00 0.000000000000000e+00 2.491301989236353e-03 0.000000000000000e+00 
759 0.000000000000000e+00 0.000000000000000e+00 0.000000000000000e+00 0.000000000000000e+00 2.491301989236353e-03 0.000000000000000e+00 
344 0.000000000000000e+00 0.000000000000000e+00 0.000000000000000e+00 0.000000000000000e+00 2.510054943405155e-03 0.000000000000000e+00 
760 0.000000000000000e+00 0.000000000000000e+00 0.000000000000000e+00 0.000000000000000e+00 2.510054943405155e-03 0.000000000000000e+00 
345 0.000000000000000e+00 0.000000000000000e+00 0.000000000000000e+00 0.000000000000000e+00 2.657569760592453e-03 0.000000000000000e+00 
761 0.000000000000000e+00 0.000000000000000e+00 0.000000000000000e+00 0.000000000000000e+00 2.657569760592453e-03 0.000000000000000e+00 
346 0.000000000000000e+00 0.000000000000000e+00 0.000000000000000e+00 0.000000000000000e+00 2.844888822757101e-03 0.000000000000000e+00 
762 0.000000000000000e+00 0.000000000000000e+00 0.000000000000000e+00 0.000000000000000e+00 2.844888822757101e-03 0.000000000000000e+00 
347 0.000000000000000e+00 0.000000000000000e+00 0.000000000000000e+00 0.000000000000000e+00 2.981897122727291e-03 0.000000000000000e+00 
763 0.000000000000000e+00 0.000000000000000e+00 0.000000000000000e+00 0.000000000000000e+00 2.981897122727291e-03 0.000000000000000e+00 
348 0.000000000000000e+00 0.000000000000000e+00 0.000000000000000e+00 0.000000000000000e+00 3.050475433798559e-03 0.000000000000000e+00 
764 0.000000000000000e+00 0.000000000000000e+00 0.000000000000000e+00 0.000000000000000e+00 3.050475433798559e-03 0.000000000000000e+00 
349 0.000000000000000e+00 0.000000000000000e+00 0.000000000000000e+00 0.000000000000000e+00 3.150431490893295e-03 0.000000000000000e+00 
765 0.000000000000000e+00 0.000000000000000e+00 0.000000000000000e+00 0.000000000000000e+00 3.150431490893295e-03 0.000000000000000e+00 
350 0.000000000000000e+00 0.000000000000000e+00 0.000000000000000e+00 0.000000000000000e+00 3.137800618960334e-03 0.000000000000000e+00 
766 0.000000000000000e+00 0.000000000000000e+00 0.000000000000000e+00 0.000000000000000e+00 3.137800618960334e-03 0.000000000000000e+00 
351 0.000000000000000e+00 0.000000000000000e+00 0.000000000000000e+00 0.000000000000000e+00 3.298608527137938e-03 0.000000000000000e+00 
767 0.000000000000000e+00 0.000000000000000e+00 0.000000000000000e+00 0.000000000000000e+00 3.298608527137938e-03 0.000000000000000e+00 
352 0.000000000000000e+00 0.000000000000000e+00 0.000000000000000e+00 0.000000000000000e+00 3.240035353224409e-03 0.000000000000000e+00 
768 0.000000000000000e+00 0.000000000000000e+00 0.000000000000000e+00 0.000000000000000e+00 3.240035353224409e-03 0.000000000000000e+00 
0
0
1
1
2
2
3
3
4
4
5
5
6
6
7
7
8
8
9
9
10
10
11
11
12
12
13
13
14
14
15
15
16
16
17
17
18
18
19
19
20
20
21
21
22
22
23
23
24
24

#This file format is as follows
#npts
#ptid      x y z	deltax	deltay	deltaz
#ptid      x y z	deltax	deltay	deltaz
#betax id
#betay id
